# NodeJS
NodeJS_rels <- as.ts(c(5,1,6,6,2,5,4,2,4,3,4,4,2,3,3,2,3,2,2,5,3,3,3,1,1,4,5,4,2,4,3,5,6,5,3,3,7,5,6,4,4,1,3,5,5,7,5,5,6,4,4,4,3,2,2,3,1,1,3,2,2,1,2,1,2,11,6,10,5,8,6,15,4,10,7,6,8,5,10,14,7,7,7,2,3,5,8,3,5,6,5,8,3,4,5,6,3)) 
NodeJS_sent <- as.ts(c(-0.0194,0.1286,-0.0488,-0.0149,-0.0270,-0.0400,-0.0051,-0.0347,0.0049,0.0217,-0.0239,-0.0197,-0.0344,-0.0345,0.0107,-0.0212,0.0722,-0.0001,-0.0321,-0.0088,-0.0291,0.0010,0.0196,-0.0402,0.0108,-0.0401,-0.0133,-0.0716,0.0025,0.0011,-0.0191,-0.0056,0.0092,0.0299,0.0152,-0.0035,-0.0877,-0.0381,0.0245,-0.0268,-0.0375,-0.0062,-0.0085,-0.0083,-0.0529,0.0027,-0.0108,-0.0274,-0.0370,-0.0285,0.0039,-0.0029,-0.0327,0.0004,-0.0149,0.0008,-0.0655,0.0100,-0.0054,-0.0227,-0.0126,0.0174,0.0027,0.0131,0.0462,0.0487,0.0354,-0.0227,0.0047,0.0315,0.0306,0.0416,0.0805,0.0931,0.0867,0.0413,0.0392,0.0236,0.0757,0.0379,0.0703,0.0564,0.0635,0.0625,0.0126,0.0271,0.0338,-0.0254,0.0342,-0.0061,0.0261,0.0141,0.0258,0.0038,-0.0135,-0.0106,0.0269))
ccf(NodeJS_rels, NodeJS_sent)
print("NodeJS")
cor.test(NodeJS_rels,NodeJS_sent)


# AngularJS
AngularJS_x <- as.ts(c(2,4,2,2,1,2,2,2,1,1,2,3,1,1,3,4,3,4,2,2,2,2,2,2,2,1,1,4,3,4,3,6,4,3,5,7,5,5,5,4,5,6,6,2,2,2,2,3,3,7,2,1,3,1,4,2,2,3,7,9,7,11,9,7,7,4,6,5,5,6,4,10)) 
AngularJS_y <- as.ts(c(-0.1084,-0.1575,0.0292,-0.0992,-0.1156,-0.0186,-0.0341,-0.0745,-0.0352,-0.0366,-0.0296,-0.0683,0.0580,-0.0008,-0.0420,0.0325,-0.0333,-0.0492,0.0389,0.0192,0.0274,-0.0238,-0.0329,0.0321,0.0091,-0.0289,0.0291,0.0088,0.0048,0.0093,-0.0005,0.0078,0.0133,0.0332,0.0457,0.0001,0.0123,-0.0484,0.0481,0.0273,0.0262,-0.0389,0.0474,0.0551,-0.0273,0.0117,0.0241,0.0260,-0.0066,0.0409,0.0295,0.0447,0.0088,0.0250,0.0552,0.0292,0.0128,0.0484,0.0469,0.0348,0.0555,0.0394,0.0259,0.0434,0.0366,0.0253,0.0532,0.0697,0.0635,0.0416,0.0416,0.0416))
ccf(AngularJS_x, AngularJS_y)
print("AngularJS")
cor.test(AngularJS_x,AngularJS_y)

# AngularJS
AngularJS_x <- as.ts(c(2,4,2,2,1,2,2,2,1,1,2,3,1,1,3,4,3,4,2,2,2,2,2,2,2,1,1,4,3,4,3,6,4,3,5,7,5,5,5,4,5,6,6,2,2,2,2,3,3,7,2,1,3,1,4,2,2,3,7,9,7,11,9,7,7,4,6,5,5,6,4,10)) 
AngularJS_y <- as.ts(c(-0.1084,-0.1575,0.0292,-0.0992,-0.1156,-0.0186,-0.0341,-0.0745,-0.0352,-0.0366,-0.0296,-0.0683,0.0580,-0.0008,-0.0420,0.0325,-0.0333,-0.0492,0.0389,0.0192,0.0274,-0.0238,-0.0329,0.0321,0.0091,-0.0289,0.0291,0.0088,0.0048,0.0093,-0.0005,0.0078,0.0133,0.0332,0.0457,0.0001,0.0123,-0.0484,0.0481,0.0273,0.0262,-0.0389,0.0474,0.0551,-0.0273,0.0117,0.0241,0.0260,-0.0066,0.0409,0.0295,0.0447,0.0088,0.0250,0.0552,0.0292,0.0128,0.0484,0.0469,0.0348,0.0555,0.0394,0.0259,0.0434,0.0366,0.0253,0.0532,0.0697,0.0635,0.0416,0.0416,0.0416))
ccf(AngularJS_x, AngularJS_y)
print("AngularJS")
cor.test(AngularJS_x,AngularJS_y)
